CID,a
13,0.021583715345994323
241,0.00814505566470203
335,0.00036836935166994106
356,0.012238048461034708
398,4.092992796332678e-05
568,0.03050643964199956
727,0.04236247544204322
931,0.004052062868369352
949,0.00010914647456887143
991,0.0004911591355599214
992,0.0008185985592665357
995,0.057260969220694166
1140,0.002687731936258459
1254,4.092992796332678e-05
1732,2.728661864221786e-05
1752,0.0007640253219820998
2078,6.821654660554464e-05
2256,8.185985592665356e-05
2336,0.3055419122462344
2347,8.185985592665356e-05
2730,0.00799497926216983
3017,0.0015553372626064177
3023,0.009181947173106308
3026,0.0005048024448810303
3035,0.06993560358000436
3036,0.11607727570399476
3037,0.00038201266099105
3082,9.55031652477625e-05
3102,5.457323728443572e-05
3118,0.0014189041693953284
3120,1.364330932110893e-05
3283,0.00023193625845885178
3346,0.000559375682165466
3347,0.006644291639380048
3352,0.0008049552499454267
3589,0.03840591573892163
4004,0.002619515389652914
4130,0.004802444881030343
4211,0.060903732809430254
4684,0.0004911591355599214
4685,0.017135996507312814
4754,0.0003410827330277232
5216,0.00010914647456887143
5455,5.457323728443572e-05
5558,0.00023193625845885178
5569,0.005648330058939096
5889,0.5729098450120061
5943,4.092992796332678e-05
5954,0.3901850032743942
5993,0.2468074656188605
6115,0.000191006330495525
6129,5.457323728443572e-05
6212,0.000191006330495525
6214,0.0078039729316743064
6278,1.364330932110893e-05
6294,0.3757230953940188
6333,0.00020464963981663392
6344,0.00038201266099105
6366,0.00021829294913774285
6386,5.457323728443572e-05
6403,0.025881357782143635
6456,0.000927745033835407
6527,0.004270355817507095
6535,6.821654660554464e-05
6537,0.0006548788474132285
6544,2.728661864221786e-05
6545,0.00799497926216983
6557,0.0003001528050643964
6564,8.185985592665356e-05
6574,9.55031652477625e-05
6575,0.0004911591355599214
6591,0.0002455795677799607
6616,0.012401768172888015
6623,0.0024967256057629337
6641,0.001296114385505348
6697,0.00023193625845885178
6709,0.0007640253219820998
6710,0.00031379611438550533
6720,0.0008868151058720803
6734,0.05316797642436149
6758,0.00031379611438550533
6766,0.009836826020519537
6800,0.0013916175507531106
6838,0.00012278978388998034
6853,0.006794368041912246
6854,0.0015280506439641997
6895,0.011310303427199303
6901,0.16025431128574547
6905,0.003629120279414975
6906,0.0009686749617987339
6907,0.0006275922287710107
6914,0.0003274394237066143
6924,0.00013643309321108928
6944,0.0004092992796332679
6945,0.00031379611438550533
6946,0.0004365858982754856
6977,0.004911591355599214
6979,0.00010914647456887143
6983,0.00027286618642217856
7002,0.01246998471949356
7015,8.185985592665356e-05
7031,0.000191006330495525
7042,0.0002455795677799607
7047,2.728661864221786e-05
7048,8.185985592665356e-05
7055,0.019059703121589174
7070,0.0009686749617987339
7094,0.003233464309102816
7095,0.04225332896747435
7103,0.00016371971185330712
7108,0.0014598340973586553
7110,0.050643964199956336
7195,5.457323728443572e-05
7219,0.004052062868369352
7221,0.03406734337480899
7222,0.0001500764025321982
7237,0.00814505566470203
7238,0.00021829294913774285
7239,0.004270355817507095
7240,0.0003001528050643964
7244,0.0007503820126609909
7245,0.0005320890635232482
7247,0.0006275922287710107
7248,9.55031652477625e-05
7257,6.821654660554464e-05
7258,0.00012278978388998034
7259,9.55031652477625e-05
7262,5.457323728443572e-05
7269,0.009509386596812922
7270,0.08408371534599432
7280,5.457323728443572e-05
7285,0.00036836935166994106
7292,2.728661864221786e-05
7296,0.005416393800480245
7311,0.0005457323728443571
7368,0.0004092992796332679
7370,0.00021829294913774285
7374,0.005921196245361274
7390,0.002742305173542895
7393,0.00013643309321108928
7406,0.020424034053700066
7407,0.00021829294913774285
7416,0.00012278978388998034
7422,0.00017736302117441605
7423,0.000191006330495525
7443,0.0006958087753765553
7450,0.004911591355599214
7453,0.0001500764025321982
7473,9.55031652477625e-05
7474,0.0004092992796332679
7475,0.00038201266099105
7485,0.00010914647456887143
7486,0.005389107181838027
7499,0.0004911591355599214
7500,0.010873717528923814
7515,0.00013643309321108928
7543,0.000927745033835407
7563,0.0001500764025321982
7567,0.0012006112202575857
7583,0.0010641781270464964
7657,0.005784763152150184
7668,0.005416393800480245
7670,0.00025922287710106965
7716,0.005784763152150184
7726,0.0013506876227897839
7734,0.001296114385505348
7804,0.002742305173542895
7809,0.012238048461034708
7810,0.00016371971185330712
7812,0.0003001528050643964
7839,0.00016371971185330712
7850,0.00012278978388998034
7868,0.0017599869024230517
7874,0.04116186422178563
7907,0.06544695481335952
7927,0.019673652041039075
7929,0.013602379393145602
7932,0.00021829294913774285
7933,0.0002455795677799607
7941,0.0052663173979480464
7944,8.185985592665356e-05
7947,0.004052062868369352
7950,0.021092556210434404
7961,4.092992796332678e-05
7962,0.005416393800480245
7964,9.55031652477625e-05
7977,0.0001500764025321982
8003,0.006780724732591136
8005,0.0004365858982754856
8029,0.0001500764025321982
8030,0.00016371971185330712
8058,0.012238048461034708
8078,0.0681756166775813
8089,0.057260969220694166
8115,0.00016371971185330712
8141,0.012238048461034708
8182,0.013602379393145602
8183,0.009181947173106308
8222,0.03406734337480899
8268,0.1332814887579131
8289,0.000191006330495525
8295,0.00025922287710106965
8330,0.004174852652259332
8341,8.185985592665356e-05
8343,0.0037109801353416285
8370,0.3757230953940188
8381,0.00023193625845885178
8398,0.0014189041693953284
8404,0.00762660991049989
8418,0.16777177472167648
8445,9.55031652477625e-05
8447,0.00012278978388998034
8449,0.00010914647456887143
8461,0.0007776686313032088
8553,0.000559375682165466
8640,0.0007503820126609909
8679,0.0004911591355599214
8814,0.0012006112202575857
8864,0.009509386596812922
8900,0.009509386596812922
8909,0.0007230953940187732
8946,2.728661864221786e-05
9076,4.092992796332678e-05
9106,0.40381466928618204
9115,1.0
9117,0.7666448373717529
9128,0.49795350360183366
9131,0.4501746343593102
9142,0.0011460379829731498
9144,0.47751582623881245
9152,0.4092447063959834
9153,0.38465946299934517
9154,0.20050207378301682
9158,0.47882558393363894
9161,0.0518036454922506
9163,0.005143527614058066
9170,0.5156898057192753
9171,0.0052663173979480464
9183,0.0009413883431565159
9195,0.19231608819035145
9201,0.0005184457542021393
9253,0.0681756166775813
9268,0.029128465400567558
9298,0.01211525867714473
9411,2.728661864221786e-05
9443,0.08805391835843701
9481,0.04513206723422833
9502,0.00010914647456887143
10044,0.00814505566470203
10263,0.005416393800480245
10326,0.00814505566470203
10372,0.00042294258895437685
10522,0.001091464745688714
10686,0.005416393800480245
10695,0.004052062868369352
10698,2.728661864221786e-05
10812,0.0015553372626064177
10870,0.013602379393145602
10907,0.05453230735647238
10911,0.2984473913992578
10913,0.7497134905042566
10943,0.0008049552499454267
10952,0.003465400567561668
10989,0.0004365858982754856
11006,0.023152695917921847
11008,0.38741541148220915
11123,0.00025922287710106965
11137,0.00039565597031215893
11140,8.185985592665356e-05
11169,0.10345721458196899
11215,0.07226860947391399
11229,0.012238048461034708
11233,0.006780724732591136
11269,0.020424034053700066
11304,0.020424034053700066
11327,0.004379502292075966
11364,6.821654660554464e-05
11386,0.0014189041693953284
11416,0.024517026850032743
11487,0.0030151713599650735
11507,0.012238048461034708
11512,0.005416393800480245
11542,0.009509386596812922
11551,0.005416393800480245
11563,0.00010914647456887143
11571,0.00012278978388998034
11582,0.004052062868369352
11592,0.03406734337480899
11594,0.004052062868369352
11635,0.02861001964636542
11636,0.19231608819035145
11795,0.07155915738921632
11816,2.728661864221786e-05
11855,0.10109692206941714
11883,1.364330932110893e-05
11899,0.009181947173106308
11903,0.005416393800480245
11936,0.0012551844575420213
12024,2.728661864221786e-05
12048,0.005416393800480245
12064,0.005034381139489195
12096,0.005416393800480245
12100,0.004052062868369352
12160,0.005416393800480245
12172,0.00016371971185330712
12276,0.00028650949574328746
12279,0.060903732809430254
12388,0.01633104125736739
12389,0.031338681510587205
12391,0.03543167430691988
12395,0.06376882776686313
12398,0.027245688714254528
12401,0.024517026850032743
12403,0.03406734337480899
12405,0.17050043658589825
12406,0.16504311285745468
12407,0.13639216328312595
12408,0.17050043658589825
12409,0.13639216328312595
12410,0.376500764025322
12411,0.4951975551189697
12463,0.006644291639380048
12464,0.0006958087753765553
12469,0.0025649421523684783
12471,0.0063441388343156505
12486,0.03050643964199956
12487,0.001296114385505348
12534,0.19780069853743723
12535,0.23868969657280067
12566,0.0518036454922506
12592,0.15549279633267846
12668,0.07492905479153024
12902,0.08805391835843701
12971,2.728661864221786e-05
12992,0.004174852652259332
13025,0.004052062868369352
13068,0.002278432656625191
13089,0.06993560358000436
13190,0.0016371971185330713
13211,0.002687731936258459
13257,0.031338681510587205
13381,0.006057629338572363
13402,0.002687731936258459
13403,0.005416393800480245
13411,0.01794095175725824
13428,0.00023193625845885178
13438,0.0017599869024230517
13529,2.728661864221786e-05
13627,0.002687731936258459
13629,0.006780724732591136
13636,0.0010368915084042786
13694,0.08604835188823401
13709,5.457323728443572e-05
13745,9.55031652477625e-05
14062,0.00814505566470203
14091,0.004052062868369352
14257,0.009509386596812922
14410,0.019673652041039075
14716,0.000927745033835407
14855,0.00016371971185330712
15089,0.683748089936695
15413,0.00013643309321108928
15415,8.185985592665356e-05
15421,0.025881357782143635
15431,0.020424034053700066
15504,0.002687731936258459
15508,0.011051080550098234
15600,0.012238048461034708
15625,0.08217365204103906
15653,0.004052062868369352
15712,0.017135996507312814
15767,0.6381112202575857
15769,0.3197855271774721
15788,0.00762660991049989
15910,0.0024967256057629337
15979,0.057260969220694166
16238,0.013602379393145602
16318,0.9883349705304519
16319,0.005511896965728007
16421,0.0013916175507531106
16422,0.012688277668631304
16582,0.002278432656625191
16587,0.004052062868369352
16607,0.002223859419340755
16653,6.821654660554464e-05
16668,0.003301680855708361
16692,0.056838026631739785
16720,0.00036836935166994106
16738,0.0013506876227897839
16801,0.03952466710325256
16932,0.0017190569744597248
16945,0.08604835188823401
17095,0.007285527177472167
17160,0.000927745033835407
17168,0.0013506876227897839
17241,0.0002455795677799607
17253,0.0001500764025321982
17321,0.031338681510587205
17347,0.0011733246016153677
17435,0.00020464963981663392
17517,4.092992796332678e-05
17522,0.002278432656625191
17578,0.019673652041039075
18555,0.0046932984064614715
18636,0.019673652041039075
18692,1.364330932110893e-05
19041,0.024517026850032743
19352,0.002619515389652914
19577,0.0005320890635232482
19578,0.0012278978388998035
19588,0.00036836935166994106
19657,5.457323728443572e-05
19773,0.031215891726697226
20087,0.009836826020519537
20283,0.006794368041912246
20414,0.08805391835843701
21029,0.001296114385505348
21201,0.00025922287710106965
21685,0.0007776686313032088
21732,0.23164974896310847
21832,0.0019782798515607944
23128,0.13957105435494432
23415,0.001678127046496398
23448,0.10345721458196899
25717,0.0006685221567343375
25911,0.002742305173542895
26058,0.007121807465618859
26176,2.728661864221786e-05
26177,0.00036836935166994106
26343,0.002114712944771884
26519,0.5224978170705087
27156,1.364330932110893e-05
27514,0.09434348395546824
27756,0.0003410827330277232
27959,0.19267081423270027
27960,0.11085188823401003
28292,8.185985592665356e-05
28453,0.014243614931237722
28697,0.0008458851779087535
28935,0.009836826020519537
29228,0.0069580877537655525
29307,0.015266863130320892
29575,0.027177472167648983
29732,0.00799497926216983
29910,0.021583715345994323
30692,9.55031652477625e-05
30709,0.02478989303645492
30875,0.01769537218947828
31200,0.0014189041693953284
31259,0.006794368041912246
31285,0.004475005457323728
31357,0.000191006330495525
31373,0.00013643309321108928
31404,0.002810521720148439
31423,0.3232645710543549
31876,0.002810521720148439
32872,0.00038201266099105
33294,4.092992796332678e-05
34140,0.2599323291857673
34192,0.006194062431783453
34466,0.14955795677799608
34586,0.002878738266753984
34859,0.11319853743724077
35454,0.014243614931237722
35823,0.21126664483737173
35876,0.08604835188823401
36159,0.12156188605108054
36185,0.16025431128574547
36186,0.6093784108273302
36187,0.03050643964199956
36188,0.15661154769700936
36218,0.48403732809430255
36613,0.002278432656625191
36980,0.32723477406679763
36981,0.017531652477624973
37034,0.48403732809430255
37035,0.5307520192097795
37250,0.2984473913992578
37270,0.02208851779087535
37419,0.0008185985592665357
37803,0.10109692206941714
37807,0.39343211089281815
38013,0.7326457105435494
38014,0.27851451648111764
38015,0.5819553590919013
38017,0.23705249945426762
38018,0.5955168085570836
38019,0.7326457105435494
38024,0.2984473913992578
38025,0.4026004147566034
38029,0.43140144073346437
38031,0.3757230953940188
38035,0.1971594629993451
38040,0.13639216328312595
38199,0.010791857672997162
38200,0.022606963545077494
38251,0.025362912027941498
38253,0.003629120279414975
38306,0.2850087317179655
38410,0.39343211089281815
38439,0.04949792621698319
38764,0.009618533071381793
38875,0.29165302335734555
38879,0.4026004147566034
38881,0.48403732809430255
39929,0.004911591355599214
40172,0.3426653569089718
40463,0.0031516044531761625
40475,0.3844820999781707
40476,0.5307520192097795
40477,0.43140144073346437
40478,0.45172997162191664
40479,0.36716874044968345
40481,0.44144291639380046
40482,0.4026004147566034
40484,0.5819553590919013
40485,0.47302717747216766
40500,0.41198701156952633
40517,0.2850087317179655
40585,0.004379502292075966
41017,0.0342310630866623
41556,0.13957105435494432
42115,0.0017190569744597248
42128,0.031215891726697226
42140,0.013602379393145602
42540,0.02208851779087535
43226,0.005034381139489195
43234,0.006794368041912246
43495,0.01794095175725824
43604,0.11607727570399476
47898,0.0003001528050643964
50099,0.5557602051953722
50896,6.821654660554464e-05
51043,0.0667839991268282
51439,0.13025267408862692
53035,0.36716874044968345
53036,0.3125136433093211
53144,0.005143527614058066
54337,0.003629120279414975
54745,0.0003001528050643964
63071,0.23164974896310847
63072,0.5068625845885179
63079,0.5557602051953722
63090,0.3426653569089718
63093,0.3757230953940188
63098,0.44144291639380046
63106,0.4026004147566034
63108,0.32723477406679763
63110,0.3053918358437022
66041,0.004270355817507095
66686,0.0
66793,0.00013643309321108928
67043,0.003629120279414975
67052,0.000559375682165466
68057,0.009181947173106308
68067,0.00021829294913774285
69043,0.0
69137,0.00020464963981663392
69156,0.0003410827330277232
69675,0.00017736302117441605
69925,0.0015553372626064177
73765,0.8412055228116132
74381,0.027177472167648983
74417,0.0035472604234883212
74681,0.01006876227897839
76701,0.0078039729316743064
76838,0.0018009168303863784
77455,0.0105462781052172
77470,0.007121807465618859
78540,0.002114712944771884
79221,0.0078039729316743064
79786,0.0015280506439641997
80277,0.023125409299279632
81546,0.0014189041693953284
85653,0.0004638725169177035
86102,0.00799497926216983
86210,0.002278432656625191
86260,0.7850496616459289
87689,0.0019782798515607944
91648,0.6235810958306046
91664,0.0010232481990831695
91693,0.021092556210434404
91718,0.4026004147566034
91720,0.09434348395546824
91722,0.6093784108273302
92358,0.024216874044968348
92407,0.1272920759659463
92428,0.0667839991268282
93322,0.6235810958306046
93576,4.092992796332678e-05
94144,0.06376882776686313
95170,0.05427308447937131
122087,0.0019373499235974677
137784,0.0011460379829731498
139495,0.003806483300589391
140334,0.007285527177472167
140972,0.012688277668631304
141724,0.001118751364330932
177368,0.029810630866623004
519267,0.005921196245361274
521342,0.010314341846758349
521958,0.012988430473695701
605753,0.002619515389652914
969491,0.06020792403405369
2748018,0.0052663173979480464
3078139,0.015266863130320892
3086172,0.006794368041912246
4146024,0.003806483300589391
9570290,0.00940024012224405
12110098,0.024216874044968348
12302799,0.04022047587862912
12310947,0.031938987120716
12358480,0.06020792403405369
14402350,0.02478989303645492
15509898,0.14614712944771885
15509899,0.060903732809430254
22810197,0.009509386596812922
44135738,0.011310303427199303
53422841,0.0015280506439641997
53425803,0.012688277668631304
138394051,0.21619187950229207
